$ANSIBLE_VAULT;1.1;AES256
39663838356239366364643336666633623837313337363833636332343962313839626631656362
3433386436343931376362613630306434613130386436390a623063343363656461626634343538
62333738396164353531313465336331623932383631653135333438343031363036656636393663
3965353332616333330a316364346333336330303733343438363864636439316135643539376539
31396262393462633030363735346238306565636234396131323163656561623163363162343465
37336632366232356632616336613239623736306230663664393665396536613732313733613764
34636539316331663734333836363861663838653230623830353836393032333831393532373231
62326365653965353732656131383538386337346565393066323237306239333637313162356136
35626633393763663430336562663034373535343137323936666336633362336565323664326263
33333231613238333638663238343330313662623665383733303530663535613137323133383766
34666539656461393037383430633562383261383436663063306430356264336334643936336165
35333038376665646532643032303836336639653632363033306635326465393866393936656239
65623166643635376461326334626137666639356463353261666237356161323662303464353932
36336435636338623239383336333166666331303739356635653066333330306330393935616662
34353133343039623835326266383833323963633131633561623762396337333938346439626232
65336366316136356538633637356638326633386561646430303831346537373663633639633031
37633338396431666265346362373965356263373137643837393538393832316364363462656235
30613366353064636164653932616532616538633236303732623631306364373531623535353437
64363965353261343434353432313339376332653334663332316461353963396532326264333139
32316261636530636137323134616131616436303239353235306131636163323361343537383936
33313961323839353732356230353537643564616561613363383132386361653366393731323362
61653866616633363630663239633461363262623666396337343038623932656264646365643232
37653563643033623438363439303032666630616230613064333461323531336161336436316661
35373133333831356338623133383562363861363461393035633838353765383535333136343834
33356331386338313738393837623436356338373739656235346666326233663733343462643963
35633866316439376435383330623461336163636639663931343735663062346532353833633837
31323437363439626364643237313531383664363730633434373537303830306162343463666165
63376332306537386363346439326239336630326235613936666531353337623738666565613337
32313435336332323131613332313666333738633737363938336130313030346262353038316131
35646139353066326366303465316264346631353430313031303134613562663831656439646132
61616162663335313961633331313239626437313832663266343338353636356134636266383735
39373163643064616264303135626538633263653035636663373933366464366639326564633432
34363165313762303032373861663564326330343137613430373233386131323365306261386233
32613633633333386132663933366663626133653061356561323262363838646634636138316630
35663132303733396335613133353830353730643836613364643032393331353339383536623763
61333538306534643339663965326665316666376331633634376432316632626263313933373837
63386563346665396238613863626439623766373231316338383937666530306633356366393137
38613162373934643863363462643666353132316535386233653435353739326531393139323661
34616163643266636239303735336539666463373664653530326636346631396363373166383534
30313433303238366432636333386165616461316264333036316238663535323632653962393335
66656465646635303137613739653033323266656666363130366134383032356334393533613839
64393762323561353832343163323939363366636234643463386632626563373163343731316661
35356131326262373861303233353465313035633932373966343130303631663765646632353536
66336564303164653462656364623638343462353732323562306262306662356563313636666564
30343332666565373961633134373262643664613430373539363062643462333266646332393937
62653938316164643361353935353230303564303063653234393664626133313833373234353036
30396533623063386663636166646664363136303832383265346632666335393438396536623163
30393463643834613932643032623166306266386439623239356461386136383432393563613934
38326666663262623839376561306166656337343839613864353662353835326231323834373032
66336233343634326330393136613136386461376461336532633337396238366364376434626362
66623437383934623962336636663532353031633964393537366161383539396330643137383661
32653636646435343064613566393731326439313932653363373939383932396565356433333565
36386435386166636364623737663338303064383065316430656261323937393866393732363261
66386263353035313733613839363864383736613466333430613062663063653937623662353431
36346431663539653162626137623234633237616632626263343761666662303032326363656434
39626638636466313463363139326666326161346563626634326566323835313662363265633338
37613639633062373039636438613362343266353336303931386137653133393464356664343862
63353833356261666638346662396164386138373434326633323264623930343731643137646435
62636336356231383962353937653064616639656335323762343830646432663036396539616334
61323036623932303931376337366635653966363533656262373130396361383165326236386637
61643439343564363536636639616637646463306436323337663261306635353161313965613138
35306533393363663531316333663064336130333334636364646166656163343033623664313738
66326135323333363634326436646264333432356232373366643135626665396531323436386466
64363033306436383635613862616331356464346364666466653032646537636266646535646634
62393431323562386439356636326438343837373837306631336665333561383833373962363766
61323235346636316133326533303161376436383962363730363236663839633331663863333665
65383462326131353136346537313933313630396235643061616531363662386531616432666338
39623563643135343031616135623866373762373839396532323732326235316562396638643037
39646339343631663735663736313535323137306162353962333933663864373065653139393335
39623965303466316264393230633232633636663835306232356562396436383536346436303537
39663335343061363764396530353032623163613032303261366263623131306330373363333231
39633838653737373363366362646434633531386239636566643063623239373061313335353732
38333266643631383065343863666138643339366631373233616664613162396365356665323562
30373463323738643130653836306636336164643030646532663862666534356235333139356536
65323735646336353031353336656334306535363035306430316130653138666530623236363863
65303331613462646637616666663765306335356536663566346432646533343237316163623936
34353966653334656338666265333664306666396664313736323932633464666536363038613065
38623632623839666232353164613363633965363935393366353664333631366661313061393130
33373461373136663366383163353430326565393966373038636366636263336262633832643866
61663035653662613732326531653932336463353161336362653466646232383531396130386466
63633930376662666434363131356666363232656662636435303331383562643231323264393064
61343938643837313838346136356463346138373336313036336461346436333566306633323039
39383365373539313630333931393861306231643338343961616438326230643561373362643339
35653831366432346264303136613861646535346432643765633230396632613963633033323538
66386639353565633039643465306238616132383865333562613530323163323065666336356236
37666361313731356638326339386561646537353566343634623138373763303838653436323465
32363634313131376533316337653733626536306663393166313835616333393334386464323439
62656162643761323839666330323436333561353938363962333733623332636538306565383332
63666166633363633230343333316431336533663532383632623066303035633063323563386136
39373437653430396531333938303764616162386331356564663066363835343939633638353639
38666566363034366139303961643538616238363937373338643334323833356536646262613261
38336330346630616430376131653133383637663836653162396637396661313934373565313731
30636462376636646634326561383635366339323335323435653530356139386437396334636165
38613564343638633033666263653633646234393163643832633138396266393235346531306630
39643430396437376162346634646531316431663435616561333837633439343135633032343337
33393935626236323138323163363738326437316334313662333535646466623532363139363031
66353236343464653761306465306665653031363933646539616536643530373136643563306131
39383835316233393665343164393830653137613338336632333732303664623534376233323962
64363565313638303965623537313137376263376634653766346666363662666466363136646237
38396131393666386432323832616563623838323361663534626162366237613336656131383238
31346632316139646364363765613965666134353064383164313538363436303231313934343266
65643562363865646433366333346433623532366637393266393865623136363839333264636166
32656466633733613937393430326538643536623030393933643164383962613565373866393664
32303462326161336661326139386431653461626262623230376133633030336430313937643637
37313832396362333565326561366237316635373665366330306530633031353333643938633935
66633330326435643937343730643738303039363439656361366131313031643635363365323232
38613539313265646261613266313136323637303036613534396636633361653833666539306533
36356238643365663935343136613638353066306166373061656233363665383739343863373861
33666661306236386433626333636365323836373737376331383938333764343239396163326432
66663463636436333232356636663562356133303939373764626165303737373665393965646561
34333763373263643864333238663665643065383332373965326363383439346234306436663235
65636265353936393833623532356236323166346531663661613864663636636537303532323431
61393563386461313964313333393031613964353164383464346365663232323635663932376131
33353664393063393232616263356138636534353765323161326331383233663935636239376634
34633434643534393539313361343935313034663364323236383133356363633736303936643665
65316530323239636266396236393236626663363766333031313764383035323463303166353737
64333239376333303062363339333666366563303863323639666664313530336265376332303865
63346333373461343361303563323237666238636639623938396236316261663833366564346137
65353330383238643637666232613965353961663832656331626230623435396664366333663730
62363137353131623139343964313632613662636532323361316438616463333939306137303364
39646133393930616662626461383065326666366365383063336362383731613961336565333238
31346135333335616134666332613138363439383632326631323234376362343334333530663364
61333530363364643166303365633434383235643936313362633934653362383036363538313730
31643362343635633932343565323138623338376535356462373033656133393762396535346431
34303730643934643731326638663563666338323036353735306464323833633963393931326130
34326364353266333739366466333564313761393533613633303331643030643561653839303639
38343566616262656139386665393164663165656630653839333736623562313731316365373962
35313364613366643730613366613839376131323466373830623164353665663264376263633162
38323965666333616535663836333464656430383836373063653366626635396338613339656665
33656537393361613132656266313161363538346433323233626131666437646536333339616532
66623139616231343335626261353936303831643263653039303136306561363266336236343063
36613336313061623431366631646532363538343463316237343462666361613661626566646466
66636438363338326665633262376434646339636330343730623562643163393232643933663638
34626436353237396364653330633030386561643161623163306461663932326432643832306464
61316438393166626364373865393232363133373737353831363035643863616331663963343731
30633335366162323833383464393165393634343930323630663465633164383261336438326138
36306632393262383432323736643338623638346536343038633139343238376166366437643237
33373733303430376565336438643963333865303133626161623330323639373962343637353935
31316532616262643662636535366662396635666539363234343266663431636432306464656364
62316533626332653331336465316435383638653238333063383962393036646561363839376139
31393933376465303463616161323237636334623464633935623132363331333366376663383332
31613462636662376536343465333235333835373361356137376333666139666463653235353766
66646535343266643765653631356639626265623564323838303632653435643263616466666165
37636338393165353866373433643962653663666366663337373438376561383765663934396663
61306266373835623233303863373636646339333435373063333531613434663464633339386665
64313831303734343661333963656563653963373733666666393937656531323436623833363336
35366536653033623637353238616335666136316339333361623062616632663665346134373763
33653931616636316563313331303235386635323433646164653937666463396234626365636235
65366135346230346364356662313537353162366430323936653636373363313762383166653865
66646331326439613963363330653730653231353933653262393039333832383535306437616363
62633961333331333066346565316266633634616466313136313830636465373666316162643663
61316237636366643764316635393561383036643235333266333863663965626662623064373865
34616332393539316238343437383163376262303266646538656565623162623965323932613037
34346632313737623737633466356537313865656537306138303435383962346130613936346663
36316466646432336661633563643562303138636432356463373665303766316238653930613461
39366137656135356366356333303863323433346637666230306430323136666236383435623963
64313764666163393161636635336439383863303635646630653938356633386164643730393035
64373764346235323566623963306263313834383239316434666330353937613462633838333139
30316265653636333737333637663033613230323166636236373365316363633433616266303934
64313262626462383366653964396638663936386630363537303564336135306134303231633765
34656237633637316430346630353633303739326539613764643731656437663033666537353764
37363466316334643536326131343639656565653636363864333232353630633962666632363361
64333136303765336135393138393737353733333339346532383833376237316134396335363861
37646164366636613565633731356165396538656532366230336466363335353265346536353962
33323430323332323766363539376164326234383235393966643138653132626135653435306632
30666639393438393637653863306466376664383536653263383233363637393936333238613161
32663336663731316639333530396434373735613231643330386236343638353830326134313665
35353539363537316564326636393834613634356539353838323236656235613338643430663464
35366566373337633938383337313366666633373065666636633366613932316433393039313365
62376664663735383961633437616364376133663362663264646237626262386638343338613166
39643063376465653732353037643661313365613833656434326266333466343637303362353466
36323038616136373332643461336132393432666361323866343731346432353336326464336566
35396235613237333536656439643163306433636465326664663133376663303131353339633932
31393435393565666239316237353936366633393236303237323138383763646235646564663665
66393234356436353838366465623037653230356133313432653163333466646334643161646433
65656166616561346238613132626362343234653435353933373630373264306432383239383838
36666333343761633933343338363137613661633765346338643665633639303964333361343962
36643933653230343364386633303335303762663932313839346363663439643434303734336162
37626664373937343336626264623461396161306561303136376435393930383664643966353931
39653265383663396261336661353261336430373463326230633863346437623461323831626539
35626162393562616139376634383661613536323933663766666432313134643636343166373032
66313635393062386337623666303564373035623138336465626561396563333031616531386531
61616464613938306166373661356534643662653463623766326333343166306531353032396663
66646231363636656263373566333234643261333034383333336562353331663662303261303365
31393761393831633939363661663935306331393065633961663539313530363763306536383863
36363862303461353837656137373762653562653565636434366364336266623163303233353531
63663835306163646337363062306137656130306162353266613561656165373839303234396564
61633362356561376131383162663066643265316233623438396361626231306136626235383965
38653032653965613137363662366333646633316232636664303637313362396235396133323062
66663130313964363036356433383763613539353062353139333962386138383039373733336532
32633538303232303134326232376434623166306336633237653434343330326437663931393633
37316365363161393731636334333139393162376663343961303139386332313936626431653266
34626232356333623665386230316235633263346538353663653530343932313937376664346366
66643037643733666434363439616135636461363366336565353434623662626435633135303064
36653066636166313438336430393762396233303964663733393262376266346535646130336332
34323561366263633439386138363162653164626234616439343736316535386333306233653032
30343134663137646138656261303931663662353038316535306437623031636564346262623465
38313066346661363539613166343162616333646338346639323232363166633435666363616465
35656630623839626663663735643337393735663237663034383733646537343166343666366338
38343139636434643738393834613239333234396236336635636564303264623635643934376632
61333130343164643032353261366164393562313034333564636438663939386336373830643164
64363139346463353731336266373461643430393834363764613131386435383535663632643666
34633233633635393965626263373031656237373736353465633764373237343638373132383338
32373466363139303866626261336437326566393133373732313032653536383766376132343461
30363262643964346565323533616663323337343232383936646465333533653533393339643737
33366338383733393135623034353565663036616665393765343463313031626335663431613539
61336265356466303062366161623638383661353037366464633034346332366534363833646165
64353266303535316366303533666438353535666333396664393833373561653036346161666530
36623935336131313764616264626239363733643063613365303861386563346565336239643134
37326665313638613866376434353964393736613165346637386331663165363635653733663733
65373962646136306265623134613763346139353665333662663665336536333962653539383865
35336636393061663864333134643862336365383833303433373466353966653135333864373439
63373832653435353131356564323436393533616332343733623934396562393763316539353539
66306539323631313034373833306664303438383438633032313732363933316634653336643238
37363837623337303538326366656565366138383038656534623964633237396630363064346337
62623266663834633461333932313531623734326138633832623266613763343237316233386634
31383034613061326464643436393564343536616233316262656634646431303236383130356533
30373230643331633038646165646637666231343231366234386265386132323531303565386432
33383339323133343430306339633162323065373938383561643833613133633136656434336430
32343936643931386234376533316539393933626139303737353637306264386539396536343261
31613535356163623165326538323561663734656666643831373437303830376365373265373439
63383437616635393737393166393466326339633331613565333438306231666461663164653736
62316132633066666664323039383539356639346534666436633863343436326436643966336561
30346130303163613765346463653534323965356235393434316535373464356437313230396365
34366362353332303331353462646434303133356330316137396166393939643330643439356230
33346230346364633863316563373136396562346562623630363832656333393763646261633564
32396238653062343466366564363130333563353539343163326130316437383736363061393131
63643430373164316638633234393065393135656239353934643363623334346133613437623034
36643939373238393439346463386365353937623932383139326465363438336164636538336234
38643366333136663162353338326632626530666130396164656632393431663630623833663536
30363134333133336631333536326235326337303261666437386639616232386539633938393737
30633162343536373863303534633865366334383738616562633036633261656464326561383163
34343531663566393033303836636231303766336563663631663036616266613464633233313634
33333333333131383934316132333964623563623764303763363730366262353737663964313738
39373536643737303530613866613162336432326330616637336238326638313762623735363262
35366430643233656530373238333362643534336434333433636533333436393636643936343964
63623932386332393034396663613265613335346161643138616539333533343532666437343039
31303761316139646134356137366230373738366566636438613331313265326366343362646461
36393639643231636666643561633131306261663462336533366263663437656434393939353433
33633563666336653865323366306636636335303630306639636164656263646135353536626132
61346639353265363035323634396232646162386662643466383064623438643737663836626463
6464343961363738633263363835386231666130636233656239
